[gd_scene load_steps=21 format=3]

[ext_resource type="PackedScene" path="res://assets/iso/characters/char_player.tscn" id="1"]
[ext_resource type="PackedScene" path="res://assets/iso/characters/char_pix.tscn" id="2"]
[ext_resource type="PackedScene" path="res://assets/iso/characters/char_riot.tscn" id="3"]
[ext_resource type="PackedScene" path="res://assets/iso/characters/char_glitch.tscn" id="4"]
[ext_resource type="PackedScene" path="res://assets/iso/characters/char_vex.tscn" id="5"]
[ext_resource type="PackedScene" path="res://assets/iso/characters/char_marlowe.tscn" id="6"]
[ext_resource type="PackedScene" path="res://assets/iso/characters/char_cipher.tscn" id="7"]
[ext_resource type="PackedScene" path="res://assets/iso/characters/char_oracle.tscn" id="8"]
[ext_resource type="PackedScene" path="res://assets/iso/props/prop_shop_counter.tscn" id="9"]
[ext_resource type="PackedScene" path="res://assets/iso/props/prop_job_board.tscn" id="10"]
[ext_resource type="PackedScene" path="res://assets/iso/props/prop_trash_pile.tscn" id="11"]
[ext_resource type="PackedScene" path="res://assets/iso/props/prop_exit_marker.tscn" id="12"]
[ext_resource type="PackedScene" path="res://assets/iso/props/prop_server_rack.tscn" id="13"]
[ext_resource type="PackedScene" path="res://assets/iso/buildings/bldg_tower.tscn" id="14"]
[ext_resource type="PackedScene" path="res://assets/iso/buildings/bldg_shop.tscn" id="15"]

[sub_resource type="Environment" id="env"]
background_mode = 1
background_color = Color(0.043, 0.051, 0.078, 1)
ambient_light_source = 2
ambient_light_color = Color(0.31, 0.34, 0.47, 1)
ambient_light_energy = 1.5
tonemap_mode = 2
glow_enabled = true
glow_intensity = 0.7
glow_bloom = 0.1

[sub_resource type="StandardMaterial3D" id="m_ground"]
albedo_color = Color(0.078, 0.086, 0.118, 1)
roughness = 0.95

[sub_resource type="StandardMaterial3D" id="m_tile"]
albedo_color = Color(0.106, 0.122, 0.169, 1)
roughness = 0.95

[sub_resource type="BoxMesh" id="b_ground"]
material = SubResource("m_ground")
size = Vector3(12, 0.12, 12)

[sub_resource type="BoxMesh" id="b_tile"]
material = SubResource("m_tile")
size = Vector3(1.5, 0.04, 1.5)

[node name="IsoDistrictMock" type="Node3D"]

[node name="WorldEnvironment" type="WorldEnvironment" parent="."]
environment = SubResource("env")

[node name="Sun" type="DirectionalLight3D" parent="."]
transform = Transform3D(0.8192, 0.4056, -0.4056, 0, 0.7071, 0.7071, 0.5736, -0.5793, 0.5793, 0, 8, 0)
light_color = Color(0.85, 0.88, 1, 1)
light_energy = 1.1
shadow_enabled = true

[node name="FillLight" type="OmniLight3D" parent="."]
transform = Transform3D(1, 0, 0, 0, 1, 0, 0, 0, 1, 0.5, 3, 2.5)
light_color = Color(0.75, 0.8, 1, 1)
light_energy = 1.4
omni_range = 9.0

[node name="NeonMagenta" type="OmniLight3D" parent="."]
transform = Transform3D(1, 0, 0, 0, 1, 0, 0, 0, 1, 3, 2, 0.5)
light_color = Color(1, 0.3, 0.78, 1)
light_energy = 2.0
omni_range = 6.0

[node name="NeonCyan" type="OmniLight3D" parent="."]
transform = Transform3D(1, 0, 0, 0, 1, 0, 0, 0, 1, -2, 1.5, -0.5)
light_color = Color(0.35, 0.85, 1, 1)
light_energy = 1.6
omni_range = 6.0

[node name="Camera3D" type="Camera3D" parent="."]
transform = Transform3D(0.707107, -0.353553, 0.612372, 0, 0.866025, 0.5, -0.707107, -0.353553, 0.612372, 8.07, 7.6, 8.37)
projection = 1
size = 9.0
keep_aspect = 0
current = true

[node name="Ground" type="MeshInstance3D" parent="."]
transform = Transform3D(1, 0, 0, 0, 1, 0, 0, 0, 1, 0, -0.06, 0)
mesh = SubResource("b_ground")

[node name="Tile1" type="MeshInstance3D" parent="."]
transform = Transform3D(1, 0, 0, 0, 1, 0, 0, 0, 1, 0, 0, 0)
mesh = SubResource("b_tile")

[node name="Tile2" type="MeshInstance3D" parent="."]
transform = Transform3D(1, 0, 0, 0, 1, 0, 0, 0, 1, -1.5, 0, -1.5)
mesh = SubResource("b_tile")

[node name="Tile3" type="MeshInstance3D" parent="."]
transform = Transform3D(1, 0, 0, 0, 1, 0, 0, 0, 1, 1.5, 0, 1.5)
mesh = SubResource("b_tile")

[node name="Tile4" type="MeshInstance3D" parent="."]
transform = Transform3D(1, 0, 0, 0, 1, 0, 0, 0, 1, -3, 0, 1.5)
mesh = SubResource("b_tile")

[node name="Tile5" type="MeshInstance3D" parent="."]
transform = Transform3D(1, 0, 0, 0, 1, 0, 0, 0, 1, 3, 0, -1.5)
mesh = SubResource("b_tile")

[node name="Tile6" type="MeshInstance3D" parent="."]
transform = Transform3D(1, 0, 0, 0, 1, 0, 0, 0, 1, 1.5, 0, -3)
mesh = SubResource("b_tile")

[node name="Tile7" type="MeshInstance3D" parent="."]
transform = Transform3D(1, 0, 0, 0, 1, 0, 0, 0, 1, 0, 0, 3)
mesh = SubResource("b_tile")

[node name="Tower1" parent="." instance=ExtResource("14")]
transform = Transform3D(1, 0, 0, 0, 1, 0, 0, 0, 1, -3.4, 0, -3.4)

[node name="Tower2" parent="." instance=ExtResource("14")]
transform = Transform3D(0, 0, -1, 0, 1, 0, 1, 0, 0, 0.2, 0, -4.4)

[node name="Shop" parent="." instance=ExtResource("15")]
transform = Transform3D(1, 0, 0, 0, 1, 0, 0, 0, 1, 3.2, 0, -1.8)

[node name="Counter" parent="." instance=ExtResource("9")]
transform = Transform3D(1, 0, 0, 0, 1, 0, 0, 0, 1, 3.2, 0, 0.6)

[node name="Vex" parent="." instance=ExtResource("5")]
transform = Transform3D(0.93969, 0, 0.34202, 0, 1, 0, -0.34202, 0, 0.93969, 3.2, 0, -0.1)

[node name="JobBoard" parent="." instance=ExtResource("10")]
transform = Transform3D(1, 0, 0, 0, 1, 0, 0, 0, 1, -1.8, 0, -1.4)

[node name="Pix" parent="." instance=ExtResource("2")]
transform = Transform3D(0.5, 0, 0.866025, 0, 1, 0, -0.866025, 0, 0.5, -2.4, 0, -0.3)

[node name="Glitch" parent="." instance=ExtResource("4")]
transform = Transform3D(0.93969, 0, 0.34202, 0, 1, 0, -0.34202, 0, 0.93969, -1.1, 0, -0.4)

[node name="Marlowe" parent="." instance=ExtResource("6")]
transform = Transform3D(0.766044, 0, 0.642788, 0, 1, 0, -0.642788, 0, 0.766044, -3.3, 0, 0.6)

[node name="ExitMarker" parent="." instance=ExtResource("12")]
transform = Transform3D(0, 0, -1, 0, 1, 0, 1, 0, 0, -3.4, 0, 2.6)

[node name="Rack" parent="." instance=ExtResource("13")]
transform = Transform3D(1, 0, 0, 0, 1, 0, 0, 0, 1, 1.2, 0, -2.6)

[node name="Trash" parent="." instance=ExtResource("11")]
transform = Transform3D(1, 0, 0, 0, 1, 0, 0, 0, 1, -3.2, 0, -2)

[node name="Player" parent="." instance=ExtResource("1")]
transform = Transform3D(0.866025, 0, 0.5, 0, 1, 0, -0.5, 0, 0.866025, 0.3, 0, 1.2)

[node name="Riot" parent="." instance=ExtResource("3")]
transform = Transform3D(0.984808, 0, -0.173648, 0, 1, 0, 0.173648, 0, 0.984808, 1.5, 0, 0.3)

[node name="Cipher" parent="." instance=ExtResource("7")]
transform = Transform3D(0.766044, 0, 0.642788, 0, 1, 0, -0.642788, 0, 0.766044, 2, 0, -0.9)

[node name="Oracle" parent="." instance=ExtResource("8")]
transform = Transform3D(0.642788, 0, 0.766044, 0, 1, 0, -0.766044, 0, 0.642788, -2.2, 0, 2.2)
