[gd_scene load_steps=22 format=3]

[ext_resource type="PackedScene" path="res://assets/iso/characters/char_player.tscn" id="1"]
[ext_resource type="PackedScene" path="res://assets/iso/characters/char_pix.tscn" id="2"]
[ext_resource type="PackedScene" path="res://assets/iso/characters/char_riot.tscn" id="3"]
[ext_resource type="PackedScene" path="res://assets/iso/characters/char_glitch.tscn" id="4"]
[ext_resource type="PackedScene" path="res://assets/iso/characters/char_vex.tscn" id="5"]
[ext_resource type="PackedScene" path="res://assets/iso/characters/char_marlowe.tscn" id="6"]
[ext_resource type="PackedScene" path="res://assets/iso/characters/char_cipher.tscn" id="7"]
[ext_resource type="PackedScene" path="res://assets/iso/characters/char_oracle.tscn" id="8"]
[ext_resource type="PackedScene" path="res://assets/iso/props/prop_bed.tscn" id="9"]
[ext_resource type="PackedScene" path="res://assets/iso/props/prop_desk_terminal.tscn" id="10"]
[ext_resource type="PackedScene" path="res://assets/iso/props/prop_shop_counter.tscn" id="11"]
[ext_resource type="PackedScene" path="res://assets/iso/props/prop_job_board.tscn" id="12"]
[ext_resource type="PackedScene" path="res://assets/iso/props/prop_trash_pile.tscn" id="13"]
[ext_resource type="PackedScene" path="res://assets/iso/props/prop_exit_marker.tscn" id="14"]
[ext_resource type="PackedScene" path="res://assets/iso/props/prop_server_rack.tscn" id="15"]
[ext_resource type="PackedScene" path="res://assets/iso/props/prop_neon_sign.tscn" id="16"]
[ext_resource type="PackedScene" path="res://assets/iso/buildings/bldg_tower.tscn" id="17"]
[ext_resource type="PackedScene" path="res://assets/iso/buildings/bldg_shop.tscn" id="18"]

[sub_resource type="Environment" id="env"]
background_mode = 1
background_color = Color(0.043, 0.051, 0.078, 1)
ambient_light_source = 2
ambient_light_color = Color(0.35, 0.38, 0.5, 1)
ambient_light_energy = 2.0
tonemap_mode = 2
glow_enabled = true
glow_intensity = 0.5
glow_bloom = 0.05

[sub_resource type="StandardMaterial3D" id="m_ground"]
albedo_color = Color(0.078, 0.086, 0.118, 1)
roughness = 0.95

[sub_resource type="BoxMesh" id="b_ground"]
material = SubResource("m_ground")
size = Vector3(20, 0.12, 20)

[node name="IsoAssetSheet" type="Node3D"]

[node name="WorldEnvironment" type="WorldEnvironment" parent="."]
environment = SubResource("env")

[node name="Sun" type="DirectionalLight3D" parent="."]
transform = Transform3D(0.8192, 0.4056, -0.4056, 0, 0.7071, 0.7071, 0.5736, -0.5793, 0.5793, 0, 8, 0)
light_color = Color(0.9, 0.92, 1, 1)
light_energy = 1.2
shadow_enabled = true

[node name="FillLight" type="OmniLight3D" parent="."]
transform = Transform3D(1, 0, 0, 0, 1, 0, 0, 0, 1, 0, 5, 3)
light_color = Color(0.8, 0.84, 1, 1)
light_energy = 1.5
omni_range = 20.0

[node name="Camera3D" type="Camera3D" parent="."]
transform = Transform3D(0.707107, -0.353553, 0.612372, 0, 0.866025, 0.5, -0.707107, -0.353553, 0.612372, 14.7, 13.2, 13.2)
projection = 1
size = 13.0
keep_aspect = 0
current = true

[node name="Ground" type="MeshInstance3D" parent="."]
transform = Transform3D(1, 0, 0, 0, 1, 0, 0, 0, 1, 0, -0.06, 0)
mesh = SubResource("b_ground")

[node name="Player" parent="." instance=ExtResource("1")]
transform = Transform3D(0.93969, 0, 0.34202, 0, 1, 0, -0.34202, 0, 0.93969, -3.85, 0, 3)

[node name="Pix" parent="." instance=ExtResource("2")]
transform = Transform3D(0.93969, 0, 0.34202, 0, 1, 0, -0.34202, 0, 0.93969, -2.75, 0, 3)

[node name="Riot" parent="." instance=ExtResource("3")]
transform = Transform3D(0.93969, 0, 0.34202, 0, 1, 0, -0.34202, 0, 0.93969, -1.65, 0, 3)

[node name="Glitch" parent="." instance=ExtResource("4")]
transform = Transform3D(0.93969, 0, 0.34202, 0, 1, 0, -0.34202, 0, 0.93969, -0.55, 0, 3)

[node name="Vex" parent="." instance=ExtResource("5")]
transform = Transform3D(0.93969, 0, 0.34202, 0, 1, 0, -0.34202, 0, 0.93969, 0.55, 0, 3)

[node name="Marlowe" parent="." instance=ExtResource("6")]
transform = Transform3D(0.93969, 0, 0.34202, 0, 1, 0, -0.34202, 0, 0.93969, 1.65, 0, 3)

[node name="Cipher" parent="." instance=ExtResource("7")]
transform = Transform3D(0.93969, 0, 0.34202, 0, 1, 0, -0.34202, 0, 0.93969, 2.75, 0, 3)

[node name="Oracle" parent="." instance=ExtResource("8")]
transform = Transform3D(0.93969, 0, 0.34202, 0, 1, 0, -0.34202, 0, 0.93969, 3.85, 0, 3)

[node name="Bed" parent="." instance=ExtResource("9")]
transform = Transform3D(1, 0, 0, 0, 1, 0, 0, 0, 1, -4.2, 0, 0)

[node name="Desk" parent="." instance=ExtResource("10")]
transform = Transform3D(1, 0, 0, 0, 1, 0, 0, 0, 1, -2, 0, 0)

[node name="Counter" parent="." instance=ExtResource("11")]
transform = Transform3D(1, 0, 0, 0, 1, 0, 0, 0, 1, 0.5, 0, 0)

[node name="JobBoard" parent="." instance=ExtResource("12")]
transform = Transform3D(1, 0, 0, 0, 1, 0, 0, 0, 1, 3, 0, 0)

[node name="Trash" parent="." instance=ExtResource("13")]
transform = Transform3D(1, 0, 0, 0, 1, 0, 0, 0, 1, -4, 0, -3)

[node name="Exit" parent="." instance=ExtResource("14")]
transform = Transform3D(1, 0, 0, 0, 1, 0, 0, 0, 1, -2, 0, -3)

[node name="Rack" parent="." instance=ExtResource("15")]
transform = Transform3D(1, 0, 0, 0, 1, 0, 0, 0, 1, -0.2, 0, -3)

[node name="Sign" parent="." instance=ExtResource("16")]
transform = Transform3D(1, 0, 0, 0, 1, 0, 0, 0, 1, 1.8, 1.3, -3)

[node name="Tower" parent="." instance=ExtResource("17")]
transform = Transform3D(1, 0, 0, 0, 1, 0, 0, 0, 1, -2.5, 0, -7.5)

[node name="Shop" parent="." instance=ExtResource("18")]
transform = Transform3D(1, 0, 0, 0, 1, 0, 0, 0, 1, 2.5, 0, -7.5)
